SetSize, VertexSet Time [s], Dense Time [s], Sparse Time [s]
20,0.000018,0.000152,0.000010
20,0.000003,0.000129,0.000003
20,0.000010,0.000072,0.000002
20,0.000002,0.000097,0.000002
20,0.000002,0.000107,0.000002
20,0.000005,0.000058,0.000002
20,0.000002,0.000100,0.000002
20,0.000002,0.000057,0.000002
20,0.000002,0.000058,0.000002
20,0.000002,0.000058,0.000002
50,0.000002,0.000057,0.000002
50,0.000002,0.000058,0.000002
50,0.000002,0.000058,0.000002
50,0.000002,0.000057,0.000002
50,0.000002,0.000057,0.000002
50,0.000002,0.000057,0.000002
50,0.000002,0.000063,0.000002
50,0.000002,0.000058,0.000002
50,0.000002,0.000057,0.000002
50,0.000002,0.000057,0.000002
100,0.000002,0.000057,0.000002
100,0.000002,0.000057,0.000002
100,0.000002,0.000057,0.000002
100,0.000002,0.000058,0.000002
100,0.000002,0.000058,0.000002
100,0.000002,0.000057,0.000002
100,0.000002,0.000057,0.000002
100,0.000002,0.000057,0.000002
100,0.000002,0.000057,0.000002
100,0.000002,0.000249,0.000004
200,0.000003,0.000059,0.000004
200,0.000002,0.000057,0.000002
200,0.000002,0.000057,0.000002
200,0.000002,0.000058,0.000002
200,0.000002,0.000058,0.000002
200,0.000002,0.000058,0.000002
200,0.000002,0.000057,0.000002
200,0.000002,0.000058,0.000002
200,0.000002,0.000057,0.000002
200,0.000002,0.000057,0.000002
500,0.000002,0.000154,0.000003
500,0.000002,0.000057,0.000002
500,0.000002,0.000058,0.000002
500,0.000002,0.000057,0.000002
500,0.000002,0.000057,0.000002
500,0.000002,0.000057,0.000002
500,0.000002,0.000058,0.000002
500,0.000002,0.000057,0.000002
500,0.000002,0.000057,0.000002
500,0.000002,0.000057,0.000002
1000,0.000003,0.000058,0.000007
1000,0.000002,0.000105,0.000004
1000,0.000002,0.000058,0.000003
1000,0.000002,0.000057,0.000003
1000,0.000002,0.000058,0.000003
1000,0.000002,0.000057,0.000003
1000,0.000002,0.000057,0.000003
1000,0.000002,0.000058,0.000003
1000,0.000002,0.000057,0.000003
1000,0.000002,0.000057,0.000003
2000,0.000004,0.000057,0.000004
2000,0.000002,0.000058,0.000003
2000,0.000002,0.000057,0.000003
2000,0.000003,0.000059,0.000004
2000,0.000003,0.000059,0.000004
2000,0.000003,0.000059,0.000004
2000,0.000003,0.000058,0.000004
2000,0.000003,0.000058,0.000003
2000,0.000003,0.000058,0.000003
2000,0.000003,0.000058,0.000003
5000,0.000010,0.000059,0.000015
5000,0.000004,0.000059,0.000004
5000,0.000004,0.000066,0.000004
5000,0.000003,0.000068,0.000004
5000,0.000003,0.000067,0.000004
5000,0.000003,0.000067,0.000004
5000,0.000003,0.000067,0.000004
5000,0.000004,0.000066,0.000004
5000,0.000004,0.000069,0.000004
5000,0.000003,0.000068,0.000004
10000,0.000014,0.000083,0.000004
10000,0.000004,0.000074,0.000004
10000,0.000005,0.000073,0.000005
10000,0.000004,0.000072,0.000005
10000,0.000004,0.000077,0.000007
10000,0.000006,0.000079,0.000006
10000,0.000005,0.000072,0.000005
10000,0.000005,0.000075,0.000005
10000,0.000005,0.000075,0.000005
10000,0.000005,0.000076,0.000005
20000,0.000027,0.000102,0.000018
20000,0.000006,0.000092,0.000006
20000,0.000006,0.000088,0.000007
20000,0.000006,0.000084,0.000006
20000,0.000006,0.000089,0.000006
20000,0.000006,0.000085,0.000006
20000,0.000006,0.000088,0.000007
20000,0.000006,0.000094,0.000007
20000,0.000006,0.000089,0.000006
20000,0.000006,0.000086,0.000006
50000,0.000065,0.000101,0.000032
50000,0.000014,0.000119,0.000017
50000,0.000009,0.000103,0.000015
50000,0.000009,0.000102,0.000015
50000,0.000009,0.000103,0.000016
50000,0.000011,0.000128,0.000016
50000,0.000011,0.000103,0.000015
50000,0.000009,0.000099,0.000015
50000,0.000011,0.000102,0.000015
50000,0.000010,0.000102,0.000015
100000,0.000115,0.000060,0.000051
100000,0.000026,0.000109,0.000022
100000,0.000021,0.000100,0.000021
100000,0.000021,0.000105,0.000021
100000,0.000028,0.003375,0.000039
100000,0.000029,0.000126,0.000022
100000,0.000022,0.000101,0.000021
100000,0.000023,0.000098,0.000027
100000,0.000022,0.000101,0.000021
100000,0.000021,0.000097,0.000020
200000,0.000464,0.000718,0.000081
200000,0.000048,0.000093,0.000039
200000,0.003174,0.000235,0.000060
200000,0.000044,0.000098,0.000037
200000,0.000745,0.000139,0.000049
200000,0.000048,0.000098,0.000039
200000,0.001954,0.000298,0.000077
200000,0.000529,0.000149,0.000063
200000,0.001499,0.001059,0.000123
200000,0.000393,0.000289,0.000072
500000,0.000621,0.000160,0.000166
500000,0.002416,0.000144,0.000107
500000,0.003232,0.000156,0.000106
500000,0.000095,0.000090,0.000084
500000,0.000350,0.000259,0.000170
500000,0.000186,0.000269,0.000170
500000,0.000189,0.000264,0.000227
500000,0.001166,0.000143,0.000103
500000,0.000081,0.000088,0.000083
500000,0.003148,0.001926,0.000124
1000000,0.004389,0.000241,0.000554
1000000,0.004043,0.000532,0.000503
1000000,0.000175,0.000130,0.001021
1000000,0.000727,0.000148,0.000255
1000000,0.000186,0.000140,0.000240
1000000,0.000236,0.001126,0.000330
1000000,0.000253,0.000178,0.000326
1000000,0.004529,0.000267,0.000307
1000000,0.000183,0.000142,0.000864
1000000,0.001481,0.000368,0.003661
2000000,0.002311,0.001838,0.001308
2000000,0.000406,0.000140,0.002197
2000000,0.000955,0.001053,0.001194
2000000,0.001941,0.003855,0.000624
2000000,0.001420,0.000455,0.001806
2000000,0.000754,0.000163,0.000844
2000000,0.004601,0.002527,0.009063
2000000,0.003066,0.000202,0.003856
2000000,0.006530,0.000204,0.000725
2000000,0.002620,0.000189,0.000729
